3.974925 0.998475 0.055213 0.999662 -0.026011 0.998176 0.055607
3.974931 0.998492 0.054893 0.999667 -0.025791 0.997812 0.055791
3.974937 0.998510 0.054569 0.999673 -0.025570 0.997447 0.055976
3.974943 0.998528 0.054242 0.999679 -0.025348 0.997082 0.056159
3.974949 0.998546 0.053912 0.999684 -0.025124 0.996717 0.056342
3.974955 0.998564 0.053579 0.999690 -0.024898 0.996351 0.056524
3.974961 0.998582 0.053243 0.999696 -0.024671 0.995986 0.056706
3.974967 0.998600 0.052903 0.999701 -0.024443 0.995620 0.056886
3.974973 0.998618 0.052560 0.999707 -0.024213 0.995254 0.057067
3.974979 0.998636 0.052213 0.999712 -0.023982 0.994888 0.057246
3.974985 0.998654 0.051863 0.999718 -0.023749 0.994521 0.057425
3.974991 0.998673 0.051510 0.999723 -0.023514 0.994154 0.057603
3.974997 0.998691 0.051152 0.999729 -0.023279 0.993788 0.057781
3.975003 0.998709 0.050791 0.999735 -0.023041 0.993421 0.057957
3.975009 0.998728 0.050426 0.999740 -0.022802 0.993053 0.058134
3.975015 0.998746 0.050057 0.999745 -0.022562 0.992686 0.058309
3.975021 0.998765 0.049684 0.999751 -0.022319 0.992318 0.058484
3.975027 0.998784 0.049307 0.999756 -0.022076 0.991951 0.058658
3.975033 0.998802 0.048926 0.999762 -0.021830 0.991583 0.058831
3.975039 0.998821 0.048540 0.999767 -0.021583 0.991215 0.059004
3.975045 0.998840 0.048151 0.999772 -0.021334 0.990847 0.059176
3.975051 0.998859 0.047756 0.999778 -0.021084 0.990478 0.059348
3.975057 0.998878 0.047357 0.999783 -0.020832 0.990110 0.059518
3.975063 0.998897 0.046953 0.999788 -0.020578 0.989741 0.059689
3.975069 0.998916 0.046545 0.999793 -0.020322 0.989372 0.059858
3.975075 0.998935 0.046131 0.999799 -0.020065 0.989003 0.060027
3.975081 0.998955 0.045712 0.999804 -0.019806 0.988634 0.060195
3.975087 0.998974 0.045288 0.999809 -0.019545 0.988265 0.060362
3.975093 0.998993 0.044859 0.999814 -0.019282 0.987896 0.060529
3.975099 0.999013 0.044423 0.999819 -0.019017 0.987526 0.060695
3.975105 0.999032 0.043983 0.999824 -0.018751 0.987157 0.060860
3.975111 0.999052 0.043536 0.999829 -0.018482 0.986787 0.061025
3.975117 0.999072 0.043083 0.999834 -0.018212 0.986417 0.061189
3.975123 0.999091 0.042624 0.999839 -0.017940 0.986048 0.061352
3.975129 0.999111 0.042158 0.999844 -0.017666 0.985678 0.061515
3.975135 0.999131 0.041685 0.999849 -0.017389 0.985308 0.061677
3.975141 0.999151 0.041206 0.999854 -0.017111 0.984937 0.061838
3.975147 0.999171 0.040719 0.999858 -0.016831 0.984567 0.061999
3.975153 0.999191 0.040225 0.999863 -0.016549 0.984197 0.062159
3.975159 0.999211 0.039723 0.999868 -0.016264 0.983827 0.062318
3.975165 0.999231 0.039213 0.999872 -0.015978 0.983456 0.062476
3.975171 0.999251 0.038695 0.999877 -0.015689 0.983086 0.062634
3.975177 0.999271 0.038167 0.999881 -0.015398 0.982715 0.062792
3.975183 0.999292 0.037631 0.999886 -0.015105 0.982344 0.062948
3.975189 0.999312 0.037085 0.999890 -0.014809 0.981974 0.063104
3.975195 0.999333 0.036530 0.999895 -0.014512 0.981603 0.063259
3.975201 0.999353 0.035964 0.999899 -0.014212 0.981232 0.063414
3.975207 0.999374 0.035387 0.999903 -0.013909 0.980861 0.063568
3.975213 0.999394 0.034798 0.999907 -0.013604 0.980490 0.063721
3.975219 0.999415 0.034198 0.999912 -0.013297 0.980119 0.063874
3.975225 0.999436 0.033585 0.999916 -0.012987 0.979748 0.064025
3.975231 0.999457 0.032959 0.999920 -0.012675 0.979377 0.064177
3.975237 0.999478 0.032318 0.999924 -0.012360 0.979006 0.064327
3.975243 0.999499 0.031663 0.999927 -0.012042 0.978635 0.064477
3.975249 0.999520 0.030991 0.999931 -0.011722 0.978264 0.064626
3.975255 0.999541 0.030302 0.999935 -0.011398 0.977893 0.064775
3.975261 0.999562 0.029596 0.999939 -0.011073 0.977522 0.064923
3.975267 0.999583 0.028869 0.999942 -0.010744 0.977151 0.065070
3.975273 0.999605 0.028122 0.999946 -0.010412 0.976780 0.065217
3.975279 0.999626 0.027352 0.999949 -0.010078 0.976409 0.065362
3.975285 0.999647 0.026557 0.999953 -0.009740 0.976038 0.065508
3.975291 0.999669 0.025735 0.999956 -0.009399 0.975666 0.065652
3.975297 0.999690 0.024883 0.999959 -0.009055 0.975295 0.065796
3.975303 0.999712 0.023998 0.999962 -0.008708 0.974924 0.065940
3.975309 0.999734 0.023076 0.999965 -0.008358 0.974553 0.066082
3.975315 0.999755 0.022113 0.999968 -0.008004 0.974182 0.066224
3.975321 0.999777 0.021103 0.999971 -0.007647 0.973811 0.066365
3.975327 0.999799 0.020039 0.999973 -0.007286 0.973440 0.066506
3.975333 0.999821 0.018912 0.999976 -0.006922 0.973069 0.066646
3.975339 0.999843 0.017710 0.999979 -0.006553 0.972698 0.066786
3.975345 0.999865 0.016415 0.999981 -0.006181 0.972327 0.066924
3.975351 0.999887 0.015005 0.999983 -0.005805 0.971956 0.067062
3.975357 0.999910 0.013443 0.999985 -0.005426 0.971585 0.067200
3.975363 0.999932 0.011668 0.999987 -0.005041 0.971214 0.067337
3.975369 0.999954 0.009563 0.999989 -0.004653 0.970844 0.067473
3.975375 0.999977 0.006828 0.999991 -0.004260 0.970473 0.067608
4.270270 0.999958 0.009165 0.999993 0.003674 0.992426 0.004874
